Ab = [
1 0 0  0.8;
0 1 0  0.2;
1 0 1  0.0001;
-1 -0 -0  -0.79;
-0 -1 -0  -0.19;
-1 -0 -1  -9.9e-05;
];
plotregion(-Ab(:,1:3),-Ab(:,4),[],[],'w');
Ab = [
1 0 0  0.794832;
0 1 0  0.20444;
1 0 1  -0.0040534;
-1 -0 -0  -0.784628;
-0 -1 -0  -0.194153;
-1 -0 -1  0.004341;
];
plotregion(-Ab(:,1:3),-Ab(:,4),[],[],'w');
Ab = [
1 0 0  0.789585;
0 1 0  0.208943;
1 0 1  -0.00826213;
-1 -0 -0  -0.779174;
-0 -1 -0  -0.198362;
-1 -0 -1  0.00884365;
];
plotregion(-Ab(:,1:3),-Ab(:,4),[],[],'w');
Ab = [
1 0 0  0.78426;
0 1 0  0.213507;
1 0 1  -0.0125253;
-1 -0 -0  -0.773639;
-0 -1 -0  -0.202625;
-1 -0 -1  0.0134082;
];
plotregion(-Ab(:,1:3),-Ab(:,4),[],[],'w');
Ab = [
1 0 0  0.778857;
0 1 0  0.218133;
1 0 1  -0.016842;
-1 -0 -0  -0.768023;
-0 -1 -0  -0.206942;
-1 -0 -1  0.0180338;
];
plotregion(-Ab(:,1:3),-Ab(:,4),[],[],'w');
Ab = [
1 0 0  0.773377;
0 1 0  0.222819;
1 0 1  -0.0212111;
-1 -0 -0  -0.762327;
-0 -1 -0  -0.211311;
-1 -0 -1  0.0227195;
];
plotregion(-Ab(:,1:3),-Ab(:,4),[],[],'w');
Ab = [
1 0 0  0.767821;
0 1 0  0.227563;
1 0 1  -0.0256315;
-1 -0 -0  -0.756551;
-0 -1 -0  -0.215732;
-1 -0 -1  0.0274644;
];
plotregion(-Ab(:,1:3),-Ab(:,4),[],[],'w');
Ab = [
1 0 0  0.762189;
0 1 0  0.232366;
1 0 1  -0.0301021;
-1 -0 -0  -0.750698;
-0 -1 -0  -0.220202;
-1 -0 -1  0.0322673;
];
plotregion(-Ab(:,1:3),-Ab(:,4),[],[],'w');
Ab = [
1 0 0  0.756482;
0 1 0  0.237226;
1 0 1  -0.0346215;
-1 -0 -0  -0.744767;
-0 -1 -0  -0.224721;
-1 -0 -1  0.0371271;
];
plotregion(-Ab(:,1:3),-Ab(:,4),[],[],'w');
Ab = [
1 0 0  0.750702;
0 1 0  0.242142;
1 0 1  -0.0391883;
-1 -0 -0  -0.73876;
-0 -1 -0  -0.229288;
-1 -0 -1  0.0420426;
];
plotregion(-Ab(:,1:3),-Ab(:,4),[],[],'w');
Ab = [
1 0 0  0.74485;
0 1 0  0.247111;
1 0 1  -0.0438011;
-1 -0 -0  -0.732678;
-0 -1 -0  -0.233901;
-1 -0 -1  0.0470122;
];
plotregion(-Ab(:,1:3),-Ab(:,4),[],[],'w');
Ab = [
1 0 0  0.738926;
0 1 0  0.252134;
1 0 1  -0.0484583;
-1 -0 -0  -0.726522;
-0 -1 -0  -0.238558;
-1 -0 -1  0.0520348;
];
plotregion(-Ab(:,1:3),-Ab(:,4),[],[],'w');
Ab = [
1 0 0  0.732933;
0 1 0  0.257208;
1 0 1  -0.0531583;
-1 -0 -0  -0.720294;
-0 -1 -0  -0.243258;
-1 -0 -1  0.0571086;
];
plotregion(-Ab(:,1:3),-Ab(:,4),[],[],'w');
Ab = [
1 0 0  0.726871;
0 1 0  0.262331;
1 0 1  -0.0578994;
-1 -0 -0  -0.713995;
-0 -1 -0  -0.247999;
-1 -0 -1  0.0622321;
];
plotregion(-Ab(:,1:3),-Ab(:,4),[],[],'w');
Ab = [
1 0 0  0.720742;
0 1 0  0.267503;
1 0 1  -0.0626798;
-1 -0 -0  -0.707627;
-0 -1 -0  -0.25278;
-1 -0 -1  0.0674036;
];
plotregion(-Ab(:,1:3),-Ab(:,4),[],[],'w');
Ab = [
1 0 0  0.714548;
0 1 0  0.27272;
1 0 1  -0.0674976;
-1 -0 -0  -0.701191;
-0 -1 -0  -0.257598;
-1 -0 -1  0.0726213;
];
plotregion(-Ab(:,1:3),-Ab(:,4),[],[],'w');
Ab = [
1 0 0  0.708289;
0 1 0  0.277982;
1 0 1  -0.0723509;
-1 -0 -0  -0.694689;
-0 -1 -0  -0.262451;
-1 -0 -1  0.0778833;
];
plotregion(-Ab(:,1:3),-Ab(:,4),[],[],'w');
Ab = [
1 0 0  0.701969;
0 1 0  0.283287;
1 0 1  -0.0772375;
-1 -0 -0  -0.688123;
-0 -1 -0  -0.267338;
-1 -0 -1  0.0831877;
];
plotregion(-Ab(:,1:3),-Ab(:,4),[],[],'w');
Ab = [
1 0 0  0.695589;
0 1 0  0.288631;
1 0 1  -0.0821555;
-1 -0 -0  -0.681495;
-0 -1 -0  -0.272256;
-1 -0 -1  0.0885325;
];
plotregion(-Ab(:,1:3),-Ab(:,4),[],[],'w');
Ab = [
1 0 0  0.68915;
0 1 0  0.294014;
1 0 1  -0.0871026;
-1 -0 -0  -0.674807;
-0 -1 -0  -0.277203;
-1 -0 -1  0.0939155;
];
plotregion(-Ab(:,1:3),-Ab(:,4),[],[],'w');
Ab = [
1 0 0  0.682655;
0 1 0  0.299433;
1 0 1  -0.0920766;
-1 -0 -0  -0.668062;
-0 -1 -0  -0.282177;
-1 -0 -1  0.0993345;
];
plotregion(-Ab(:,1:3),-Ab(:,4),[],[],'w');
Ab = [
1 0 0  0.676105;
0 1 0  0.304886;
1 0 1  -0.0970751;
-1 -0 -0  -0.66126;
-0 -1 -0  -0.287175;
-1 -0 -1  0.104787;
];
plotregion(-Ab(:,1:3),-Ab(:,4),[],[],'w');
Ab = [
1 0 0  0.669504;
0 1 0  0.31037;
1 0 1  -0.102096;
-1 -0 -0  -0.654406;
-0 -1 -0  -0.292196;
-1 -0 -1  0.110271;
];
plotregion(-Ab(:,1:3),-Ab(:,4),[],[],'w');
Ab = [
1 0 0  0.662853;
0 1 0  0.315884;
1 0 1  -0.107136;
-1 -0 -0  -0.6475;
-0 -1 -0  -0.297236;
-1 -0 -1  0.115785;
];
plotregion(-Ab(:,1:3),-Ab(:,4),[],[],'w');
Ab = [
1 0 0  0.656154;
0 1 0  0.321423;
1 0 1  -0.112194;
-1 -0 -0  -0.640546;
-0 -1 -0  -0.302294;
-1 -0 -1  0.121324;
];
plotregion(-Ab(:,1:3),-Ab(:,4),[],[],'w');
Ab = [
1 0 0  0.64941;
0 1 0  0.326987;
1 0 1  -0.117266;
-1 -0 -0  -0.633546;
-0 -1 -0  -0.307366;
-1 -0 -1  0.126888;
];
plotregion(-Ab(:,1:3),-Ab(:,4),[],[],'w');
Ab = [
1 0 0  0.642623;
0 1 0  0.332572;
1 0 1  -0.12235;
-1 -0 -0  -0.626502;
-0 -1 -0  -0.31245;
-1 -0 -1  0.132473;
];
plotregion(-Ab(:,1:3),-Ab(:,4),[],[],'w');
Ab = [
1 0 0  0.635796;
0 1 0  0.338175;
1 0 1  -0.127443;
-1 -0 -0  -0.619418;
-0 -1 -0  -0.317543;
-1 -0 -1  0.138076;
];
plotregion(-Ab(:,1:3),-Ab(:,4),[],[],'w');
Ab = [
1 0 0  0.628932;
0 1 0  0.343795;
1 0 1  -0.132543;
-1 -0 -0  -0.612296;
-0 -1 -0  -0.322643;
-1 -0 -1  0.143696;
];
plotregion(-Ab(:,1:3),-Ab(:,4),[],[],'w');
Ab = [
1 0 0  0.622033;
0 1 0  0.349427;
1 0 1  -0.137646;
-1 -0 -0  -0.605139;
-0 -1 -0  -0.327746;
-1 -0 -1  0.149328;
];
plotregion(-Ab(:,1:3),-Ab(:,4),[],[],'w');
Ab = [
1 0 0  0.615101;
0 1 0  0.35507;
1 0 1  -0.142751;
-1 -0 -0  -0.59795;
-0 -1 -0  -0.332851;
-1 -0 -1  0.154971;
];
plotregion(-Ab(:,1:3),-Ab(:,4),[],[],'w');
Ab = [
1 0 0  0.60814;
0 1 0  0.360721;
1 0 1  -0.147854;
-1 -0 -0  -0.590731;
-0 -1 -0  -0.337954;
-1 -0 -1  0.160622;
];
plotregion(-Ab(:,1:3),-Ab(:,4),[],[],'w');
Ab = [
1 0 0  0.601152;
0 1 0  0.366376;
1 0 1  -0.152951;
-1 -0 -0  -0.583486;
-0 -1 -0  -0.343051;
-1 -0 -1  0.166277;
];
plotregion(-Ab(:,1:3),-Ab(:,4),[],[],'w');
Ab = [
1 0 0  0.594141;
0 1 0  0.372032;
1 0 1  -0.158042;
-1 -0 -0  -0.576218;
-0 -1 -0  -0.348142;
-1 -0 -1  0.171933;
];
plotregion(-Ab(:,1:3),-Ab(:,4),[],[],'w');
Ab = [
1 0 0  0.587108;
0 1 0  0.377687;
1 0 1  -0.163122;
-1 -0 -0  -0.568929;
-0 -1 -0  -0.353222;
-1 -0 -1  0.177588;
];
plotregion(-Ab(:,1:3),-Ab(:,4),[],[],'w');
Ab = [
1 0 0  0.580057;
0 1 0  0.383338;
1 0 1  -0.168188;
-1 -0 -0  -0.561623;
-0 -1 -0  -0.358288;
-1 -0 -1  0.183239;
];
plotregion(-Ab(:,1:3),-Ab(:,4),[],[],'w');
Ab = [
1 0 0  0.572991;
0 1 0  0.388982;
1 0 1  -0.173238;
-1 -0 -0  -0.554303;
-0 -1 -0  -0.363338;
-1 -0 -1  0.188883;
];
plotregion(-Ab(:,1:3),-Ab(:,4),[],[],'w');
Ab = [
1 0 0  0.565912;
0 1 0  0.394615;
1 0 1  -0.178269;
-1 -0 -0  -0.546972;
-0 -1 -0  -0.368369;
-1 -0 -1  0.194516;
];
plotregion(-Ab(:,1:3),-Ab(:,4),[],[],'w');
Ab = [
1 0 0  0.558825;
0 1 0  0.400234;
1 0 1  -0.183278;
-1 -0 -0  -0.539634;
-0 -1 -0  -0.373378;
-1 -0 -1  0.200135;
];
plotregion(-Ab(:,1:3),-Ab(:,4),[],[],'w');
Ab = [
1 0 0  0.55173;
0 1 0  0.405838;
1 0 1  -0.188262;
-1 -0 -0  -0.53229;
-0 -1 -0  -0.378362;
-1 -0 -1  0.205739;
];
plotregion(-Ab(:,1:3),-Ab(:,4),[],[],'w');
Ab = [
1 0 0  0.544633;
0 1 0  0.411422;
1 0 1  -0.193217;
-1 -0 -0  -0.524945;
-0 -1 -0  -0.383317;
-1 -0 -1  0.211323;
];
plotregion(-Ab(:,1:3),-Ab(:,4),[],[],'w');
Ab = [
1 0 0  0.537535;
0 1 0  0.416983;
1 0 1  -0.198142;
-1 -0 -0  -0.517602;
-0 -1 -0  -0.388242;
-1 -0 -1  0.216884;
];
plotregion(-Ab(:,1:3),-Ab(:,4),[],[],'w');
Ab = [
1 0 0  0.530439;
0 1 0  0.422519;
1 0 1  -0.203034;
-1 -0 -0  -0.510264;
-0 -1 -0  -0.393134;
-1 -0 -1  0.22242;
];
plotregion(-Ab(:,1:3),-Ab(:,4),[],[],'w');
Ab = [
1 0 0  0.523349;
0 1 0  0.428026;
1 0 1  -0.207888;
-1 -0 -0  -0.502934;
-0 -1 -0  -0.397988;
-1 -0 -1  0.227927;
];
plotregion(-Ab(:,1:3),-Ab(:,4),[],[],'w');
Ab = [
1 0 0  0.516267;
0 1 0  0.433503;
1 0 1  -0.212704;
-1 -0 -0  -0.495615;
-0 -1 -0  -0.402804;
-1 -0 -1  0.233404;
];
plotregion(-Ab(:,1:3),-Ab(:,4),[],[],'w');
Ab = [
1 0 0  0.509197;
0 1 0  0.438944;
1 0 1  -0.217478;
-1 -0 -0  -0.48831;
-0 -1 -0  -0.407578;
-1 -0 -1  0.238845;
];
plotregion(-Ab(:,1:3),-Ab(:,4),[],[],'w');
Ab = [
1 0 0  0.502141;
0 1 0  0.444349;
1 0 1  -0.222206;
-1 -0 -0  -0.481022;
-0 -1 -0  -0.412306;
-1 -0 -1  0.24425;
];
plotregion(-Ab(:,1:3),-Ab(:,4),[],[],'w');
Ab = [
1 0 0  0.495101;
0 1 0  0.449714;
1 0 1  -0.226888;
-1 -0 -0  -0.473755;
-0 -1 -0  -0.416988;
-1 -0 -1  0.249615;
];
