Ab = [
1 0 0  0.8;
0 1 0  0.2;
0 0 1  0.0001;
1 -1 1  1;
1 1 1  1;
-1 -0 -0  -0.79;
-0 -1 -0  -0.19;
-0 -0 -1  -9.9e-05;
-1 1 -1  0;
-1 -1 -1  0;
];
plotregion(-Ab(:,1:3),-Ab(:,4),[],[],'w');
Ab = [
1 0 0  0.794832;
0 1 0  0.20444;
0 0 1  0.0011;
1 -1 1  0.601664;
1 1 1  1;
-1 -0 -0  -0.784628;
-0 -1 -0  -0.194153;
-0 -0 -1  -0.001049;
-1 1 -1  -0.581355;
-1 -1 -1  -0.980099;
];
plotregion(-Ab(:,1:3),-Ab(:,4),[],[],'w');
Ab = [
1 0 0  0.789585;
0 1 0  0.208943;
0 0 1  0.0021222;
1 -1 1  0.593113;
1 1 1  1;
-1 -0 -0  -0.779174;
-0 -1 -0  -0.198362;
-0 -0 -1  -0.00201977;
-1 1 -1  -0.57249;
-1 -1 -1  -0.980099;
];
plotregion(-Ab(:,1:3),-Ab(:,4),[],[],'w');
Ab = [
1 0 0  0.78426;
0 1 0  0.213507;
0 0 1  0.00316691;
1 -1 1  0.58445;
1 1 1  1;
-1 -0 -0  -0.773639;
-0 -1 -0  -0.202625;
-0 -0 -1  -0.00301158;
-1 1 -1  -0.563505;
-1 -1 -1  -0.980099;
];
plotregion(-Ab(:,1:3),-Ab(:,4),[],[],'w');
Ab = [
1 0 0  0.778857;
0 1 0  0.218133;
0 0 1  0.00423445;
1 -1 1  0.575675;
1 1 1  1;
-1 -0 -0  -0.768023;
-0 -1 -0  -0.206942;
-0 -0 -1  -0.0040247;
-1 1 -1  -0.554403;
-1 -1 -1  -0.980099;
];
plotregion(-Ab(:,1:3),-Ab(:,4),[],[],'w');
Ab = [
1 0 0  0.773377;
0 1 0  0.222819;
0 0 1  0.00532511;
1 -1 1  0.566791;
1 1 1  1;
-1 -0 -0  -0.762327;
-0 -1 -0  -0.211311;
-0 -0 -1  -0.00505941;
-1 1 -1  -0.545185;
-1 -1 -1  -0.980099;
];
plotregion(-Ab(:,1:3),-Ab(:,4),[],[],'w');
Ab = [
1 0 0  0.767821;
0 1 0  0.227563;
0 0 1  0.00643921;
1 -1 1  0.5578;
1 1 1  1;
-1 -0 -0  -0.756551;
-0 -1 -0  -0.215732;
-0 -0 -1  -0.00611597;
-1 1 -1  -0.535853;
-1 -1 -1  -0.980099;
];
plotregion(-Ab(:,1:3),-Ab(:,4),[],[],'w');
Ab = [
1 0 0  0.762189;
0 1 0  0.232366;
0 0 1  0.00757702;
1 -1 1  0.548704;
1 1 1  1;
-1 -0 -0  -0.750698;
-0 -1 -0  -0.220202;
-0 -0 -1  -0.00719463;
-1 1 -1  -0.52641;
-1 -1 -1  -0.980099;
];
plotregion(-Ab(:,1:3),-Ab(:,4),[],[],'w');
Ab = [
1 0 0  0.756482;
0 1 0  0.237226;
0 0 1  0.00873885;
1 -1 1  0.539506;
1 1 1  1;
-1 -0 -0  -0.744767;
-0 -1 -0  -0.224721;
-0 -0 -1  -0.00829564;
-1 1 -1  -0.516858;
-1 -1 -1  -0.980099;
];
plotregion(-Ab(:,1:3),-Ab(:,4),[],[],'w');
Ab = [
1 0 0  0.750702;
0 1 0  0.242142;
0 0 1  0.00992499;
1 -1 1  0.530209;
1 1 1  1;
-1 -0 -0  -0.73876;
-0 -1 -0  -0.229288;
-0 -0 -1  -0.00941925;
-1 1 -1  -0.5072;
-1 -1 -1  -0.980099;
];
plotregion(-Ab(:,1:3),-Ab(:,4),[],[],'w');
Ab = [
1 0 0  0.74485;
0 1 0  0.247111;
0 0 1  0.0111357;
1 -1 1  0.520815;
1 1 1  1;
-1 -0 -0  -0.732678;
-0 -1 -0  -0.233901;
-0 -0 -1  -0.0105657;
-1 1 -1  -0.497438;
-1 -1 -1  -0.980099;
];
plotregion(-Ab(:,1:3),-Ab(:,4),[],[],'w');
Ab = [
1 0 0  0.738926;
0 1 0  0.252134;
0 0 1  0.0123712;
1 -1 1  0.511327;
1 1 1  1;
-1 -0 -0  -0.726522;
-0 -1 -0  -0.238558;
-0 -0 -1  -0.0117352;
-1 1 -1  -0.487576;
-1 -1 -1  -0.980099;
];
plotregion(-Ab(:,1:3),-Ab(:,4),[],[],'w');
Ab = [
1 0 0  0.732933;
0 1 0  0.257208;
0 0 1  0.0136319;
1 -1 1  0.501748;
1 1 1  1;
-1 -0 -0  -0.720294;
-0 -1 -0  -0.243258;
-0 -0 -1  -0.012928;
-1 1 -1  -0.477616;
-1 -1 -1  -0.980099;
];
plotregion(-Ab(:,1:3),-Ab(:,4),[],[],'w');
Ab = [
1 0 0  0.726871;
0 1 0  0.262331;
0 0 1  0.014918;
1 -1 1  0.492083;
1 1 1  1;
-1 -0 -0  -0.713995;
-0 -1 -0  -0.247999;
-0 -0 -1  -0.0141443;
-1 1 -1  -0.467562;
-1 -1 -1  -0.980099;
];
plotregion(-Ab(:,1:3),-Ab(:,4),[],[],'w');
Ab = [
1 0 0  0.720742;
0 1 0  0.267503;
0 0 1  0.0162296;
1 -1 1  0.482334;
1 1 1  1;
-1 -0 -0  -0.707627;
-0 -1 -0  -0.25278;
-0 -0 -1  -0.0153843;
-1 1 -1  -0.457417;
-1 -1 -1  -0.980099;
];
plotregion(-Ab(:,1:3),-Ab(:,4),[],[],'w');
Ab = [
1 0 0  0.714548;
0 1 0  0.27272;
0 0 1  0.0175671;
1 -1 1  0.472505;
1 1 1  1;
-1 -0 -0  -0.701191;
-0 -1 -0  -0.257598;
-0 -0 -1  -0.0166482;
-1 1 -1  -0.447186;
-1 -1 -1  -0.980099;
];
plotregion(-Ab(:,1:3),-Ab(:,4),[],[],'w');
Ab = [
1 0 0  0.708289;
0 1 0  0.277982;
0 0 1  0.0189307;
1 -1 1  0.462599;
1 1 1  1;
-1 -0 -0  -0.694689;
-0 -1 -0  -0.262451;
-0 -0 -1  -0.0179362;
-1 1 -1  -0.436871;
-1 -1 -1  -0.980099;
];
plotregion(-Ab(:,1:3),-Ab(:,4),[],[],'w');
Ab = [
1 0 0  0.701969;
0 1 0  0.283287;
0 0 1  0.0203206;
1 -1 1  0.452622;
1 1 1  1;
-1 -0 -0  -0.688123;
-0 -1 -0  -0.267338;
-0 -0 -1  -0.0192484;
-1 1 -1  -0.426477;
-1 -1 -1  -0.980099;
];
plotregion(-Ab(:,1:3),-Ab(:,4),[],[],'w');
Ab = [
1 0 0  0.695589;
0 1 0  0.288631;
0 0 1  0.0217371;
1 -1 1  0.442577;
1 1 1  1;
-1 -0 -0  -0.681495;
-0 -1 -0  -0.272256;
-0 -0 -1  -0.0205851;
-1 1 -1  -0.416008;
-1 -1 -1  -0.980099;
];
plotregion(-Ab(:,1:3),-Ab(:,4),[],[],'w');
Ab = [
1 0 0  0.68915;
0 1 0  0.294014;
0 0 1  0.0231802;
1 -1 1  0.432468;
1 1 1  1;
-1 -0 -0  -0.674807;
-0 -1 -0  -0.277203;
-0 -0 -1  -0.0219464;
-1 1 -1  -0.405469;
-1 -1 -1  -0.980099;
];
plotregion(-Ab(:,1:3),-Ab(:,4),[],[],'w');
Ab = [
1 0 0  0.682655;
0 1 0  0.299433;
0 0 1  0.0246503;
1 -1 1  0.4223;
1 1 1  1;
-1 -0 -0  -0.668062;
-0 -1 -0  -0.282177;
-0 -0 -1  -0.0233324;
-1 1 -1  -0.394863;
-1 -1 -1  -0.980099;
];
plotregion(-Ab(:,1:3),-Ab(:,4),[],[],'w');
Ab = [
1 0 0  0.676105;
0 1 0  0.304886;
0 0 1  0.0261475;
1 -1 1  0.412077;
1 1 1  1;
-1 -0 -0  -0.66126;
-0 -1 -0  -0.287175;
-0 -0 -1  -0.0247433;
-1 1 -1  -0.384195;
-1 -1 -1  -0.980099;
];
plotregion(-Ab(:,1:3),-Ab(:,4),[],[],'w');
Ab = [
1 0 0  0.669504;
0 1 0  0.31037;
0 0 1  0.0276719;
1 -1 1  0.401804;
1 1 1  1;
-1 -0 -0  -0.654406;
-0 -1 -0  -0.292196;
-0 -0 -1  -0.0261792;
-1 1 -1  -0.373471;
-1 -1 -1  -0.980099;
];
plotregion(-Ab(:,1:3),-Ab(:,4),[],[],'w');
Ab = [
1 0 0  0.662853;
0 1 0  0.315884;
0 0 1  0.0292238;
1 -1 1  0.391487;
1 1 1  1;
-1 -0 -0  -0.6475;
-0 -1 -0  -0.297236;
-0 -0 -1  -0.0276401;
-1 1 -1  -0.362695;
-1 -1 -1  -0.980099;
];
plotregion(-Ab(:,1:3),-Ab(:,4),[],[],'w');
Ab = [
1 0 0  0.656154;
0 1 0  0.321423;
0 0 1  0.0308032;
1 -1 1  0.381129;
1 1 1  1;
-1 -0 -0  -0.640546;
-0 -1 -0  -0.302294;
-0 -0 -1  -0.0291263;
-1 1 -1  -0.351871;
-1 -1 -1  -0.980099;
];
plotregion(-Ab(:,1:3),-Ab(:,4),[],[],'w');
Ab = [
1 0 0  0.64941;
0 1 0  0.326987;
0 0 1  0.0324103;
1 -1 1  0.370737;
1 1 1  1;
-1 -0 -0  -0.633546;
-0 -1 -0  -0.307366;
-0 -0 -1  -0.0306378;
-1 1 -1  -0.341006;
-1 -1 -1  -0.980099;
];
plotregion(-Ab(:,1:3),-Ab(:,4),[],[],'w');
Ab = [
1 0 0  0.642623;
0 1 0  0.332572;
0 0 1  0.0340452;
1 -1 1  0.360315;
1 1 1  1;
-1 -0 -0  -0.626502;
-0 -1 -0  -0.31245;
-0 -0 -1  -0.0321746;
-1 1 -1  -0.330104;
-1 -1 -1  -0.980099;
];
plotregion(-Ab(:,1:3),-Ab(:,4),[],[],'w');
Ab = [
1 0 0  0.635796;
0 1 0  0.338175;
0 0 1  0.0357081;
1 -1 1  0.349869;
1 1 1  1;
-1 -0 -0  -0.619418;
-0 -1 -0  -0.317543;
-0 -0 -1  -0.0337369;
-1 1 -1  -0.319171;
-1 -1 -1  -0.980099;
];
plotregion(-Ab(:,1:3),-Ab(:,4),[],[],'w');
Ab = [
1 0 0  0.628932;
0 1 0  0.343795;
0 0 1  0.037399;
1 -1 1  0.339404;
1 1 1  1;
-1 -0 -0  -0.612296;
-0 -1 -0  -0.322643;
-0 -0 -1  -0.0353246;
-1 1 -1  -0.308213;
-1 -1 -1  -0.980099;
];
plotregion(-Ab(:,1:3),-Ab(:,4),[],[],'w');
Ab = [
1 0 0  0.622033;
0 1 0  0.349427;
0 0 1  0.0391179;
1 -1 1  0.328926;
1 1 1  1;
-1 -0 -0  -0.605139;
-0 -1 -0  -0.327746;
-0 -0 -1  -0.0369378;
-1 1 -1  -0.297234;
-1 -1 -1  -0.980099;
];
plotregion(-Ab(:,1:3),-Ab(:,4),[],[],'w');
Ab = [
1 0 0  0.615101;
0 1 0  0.35507;
0 0 1  0.0408651;
1 -1 1  0.31844;
1 1 1  1;
-1 -0 -0  -0.59795;
-0 -1 -0  -0.332851;
-0 -0 -1  -0.0385765;
-1 1 -1  -0.28624;
-1 -1 -1  -0.980099;
];
plotregion(-Ab(:,1:3),-Ab(:,4),[],[],'w');
Ab = [
1 0 0  0.60814;
0 1 0  0.360721;
0 0 1  0.0426404;
1 -1 1  0.307952;
1 1 1  1;
-1 -0 -0  -0.590731;
-0 -1 -0  -0.337954;
-0 -0 -1  -0.0402408;
-1 1 -1  -0.275238;
-1 -1 -1  -0.980099;
];
plotregion(-Ab(:,1:3),-Ab(:,4),[],[],'w');
Ab = [
1 0 0  0.601152;
0 1 0  0.366376;
0 0 1  0.044444;
1 -1 1  0.297468;
1 1 1  1;
-1 -0 -0  -0.583486;
-0 -1 -0  -0.343051;
-0 -0 -1  -0.0419305;
-1 1 -1  -0.264233;
-1 -1 -1  -0.980099;
];
plotregion(-Ab(:,1:3),-Ab(:,4),[],[],'w');
Ab = [
1 0 0  0.594141;
0 1 0  0.372032;
0 0 1  0.0462759;
1 -1 1  0.286994;
1 1 1  1;
-1 -0 -0  -0.576218;
-0 -1 -0  -0.348142;
-0 -0 -1  -0.0436458;
-1 1 -1  -0.253231;
-1 -1 -1  -0.980099;
];
