Ab = [
1 0 0  0.8;
0 1 0  0.2;
1 1 -1  0.0001;
-1 -0 -0  -0.77;
-0 -1 -0  -0.17;
-1 -1 1  -9.9e-05;
];
plotregion(-Ab(:,1:3),-Ab(:,4),[],[],'w');
Ab = [
1 0 0  0.795376;
0 1 0  0.20444;
1 1 -1  -0.0016;
-1 -0 -0  -0.764764;
-0 -1 -0  -0.173601;
-1 -1 1  0.001901;
];
plotregion(-Ab(:,1:3),-Ab(:,4),[],[],'w');
Ab = [
1 0 0  0.790681;
0 1 0  0.208946;
1 1 -1  -0.00333601;
-1 -0 -0  -0.759448;
-0 -1 -0  -0.177247;
-1 -1 1  0.0039454;
];
plotregion(-Ab(:,1:3),-Ab(:,4),[],[],'w');
Ab = [
1 0 0  0.785916;
0 1 0  0.213519;
1 1 -1  -0.00510847;
-1 -0 -0  -0.754053;
-0 -1 -0  -0.180937;
-1 -1 1  0.00603486;
];
plotregion(-Ab(:,1:3),-Ab(:,4),[],[],'w');
Ab = [
1 0 0  0.781082;
0 1 0  0.218157;
1 1 -1  -0.00691784;
-1 -0 -0  -0.748579;
-0 -1 -0  -0.184671;
-1 -1 1  0.00817005;
];
plotregion(-Ab(:,1:3),-Ab(:,4),[],[],'w');
Ab = [
1 0 0  0.776177;
0 1 0  0.222859;
1 1 -1  -0.00876455;
-1 -0 -0  -0.743026;
-0 -1 -0  -0.188448;
-1 -1 1  0.0103516;
];
plotregion(-Ab(:,1:3),-Ab(:,4),[],[],'w');
Ab = [
1 0 0  0.771204;
0 1 0  0.227626;
1 1 -1  -0.010649;
-1 -0 -0  -0.737396;
-0 -1 -0  -0.192267;
-1 -1 1  0.0125802;
];
plotregion(-Ab(:,1:3),-Ab(:,4),[],[],'w');
Ab = [
1 0 0  0.766163;
0 1 0  0.232457;
1 1 -1  -0.0125717;
-1 -0 -0  -0.731689;
-0 -1 -0  -0.196126;
-1 -1 1  0.0148565;
];
plotregion(-Ab(:,1:3),-Ab(:,4),[],[],'w');
Ab = [
1 0 0  0.761054;
0 1 0  0.23735;
1 1 -1  -0.014533;
-1 -0 -0  -0.725906;
-0 -1 -0  -0.200024;
-1 -1 1  0.017181;
];
plotregion(-Ab(:,1:3),-Ab(:,4),[],[],'w');
Ab = [
1 0 0  0.755878;
0 1 0  0.242305;
1 1 -1  -0.0165332;
-1 -0 -0  -0.720048;
-0 -1 -0  -0.203961;
-1 -1 1  0.0195545;
];
plotregion(-Ab(:,1:3),-Ab(:,4),[],[],'w');
Ab = [
1 0 0  0.750636;
0 1 0  0.247321;
1 1 -1  -0.0185728;
-1 -0 -0  -0.714116;
-0 -1 -0  -0.207934;
-1 -1 1  0.0219776;
];
plotregion(-Ab(:,1:3),-Ab(:,4),[],[],'w');
Ab = [
1 0 0  0.745329;
0 1 0  0.252396;
1 1 -1  -0.0206521;
-1 -0 -0  -0.708111;
-0 -1 -0  -0.211943;
-1 -1 1  0.0244508;
];
plotregion(-Ab(:,1:3),-Ab(:,4),[],[],'w');
Ab = [
1 0 0  0.739958;
0 1 0  0.25753;
1 1 -1  -0.0227716;
-1 -0 -0  -0.702035;
-0 -1 -0  -0.215986;
-1 -1 1  0.0269748;
];
plotregion(-Ab(:,1:3),-Ab(:,4),[],[],'w');
Ab = [
1 0 0  0.734525;
0 1 0  0.262721;
1 1 -1  -0.0249314;
-1 -0 -0  -0.695888;
-0 -1 -0  -0.220062;
-1 -1 1  0.0295501;
];
plotregion(-Ab(:,1:3),-Ab(:,4),[],[],'w');
Ab = [
1 0 0  0.729029;
0 1 0  0.267969;
1 1 -1  -0.0271321;
-1 -0 -0  -0.689672;
-0 -1 -0  -0.224168;
-1 -1 1  0.0321773;
];
plotregion(-Ab(:,1:3),-Ab(:,4),[],[],'w');
Ab = [
1 0 0  0.723472;
0 1 0  0.273271;
1 1 -1  -0.0293737;
-1 -0 -0  -0.683388;
-0 -1 -0  -0.228304;
-1 -1 1  0.034857;
];
plotregion(-Ab(:,1:3),-Ab(:,4),[],[],'w');
Ab = [
1 0 0  0.717857;
0 1 0  0.278627;
1 1 -1  -0.0316568;
-1 -0 -0  -0.677039;
-0 -1 -0  -0.232467;
-1 -1 1  0.0375897;
];
plotregion(-Ab(:,1:3),-Ab(:,4),[],[],'w');
Ab = [
1 0 0  0.712183;
0 1 0  0.284034;
1 1 -1  -0.0339814;
-1 -0 -0  -0.670625;
-0 -1 -0  -0.236656;
-1 -1 1  0.0403759;
];
plotregion(-Ab(:,1:3),-Ab(:,4),[],[],'w');
Ab = [
1 0 0  0.706452;
0 1 0  0.289492;
1 1 -1  -0.036348;
-1 -0 -0  -0.664149;
-0 -1 -0  -0.240868;
-1 -1 1  0.0432163;
];
plotregion(-Ab(:,1:3),-Ab(:,4),[],[],'w');
Ab = [
1 0 0  0.700667;
0 1 0  0.294998;
1 1 -1  -0.0387567;
-1 -0 -0  -0.657611;
-0 -1 -0  -0.245103;
-1 -1 1  0.0461112;
];
plotregion(-Ab(:,1:3),-Ab(:,4),[],[],'w');
Ab = [
1 0 0  0.694828;
0 1 0  0.30055;
1 1 -1  -0.0412077;
-1 -0 -0  -0.651016;
-0 -1 -0  -0.249358;
-1 -1 1  0.0490612;
];
plotregion(-Ab(:,1:3),-Ab(:,4),[],[],'w');
Ab = [
1 0 0  0.688937;
0 1 0  0.306148;
1 1 -1  -0.0437013;
-1 -0 -0  -0.644363;
-0 -1 -0  -0.253631;
-1 -1 1  0.0520667;
];
plotregion(-Ab(:,1:3),-Ab(:,4),[],[],'w');
Ab = [
1 0 0  0.682996;
0 1 0  0.311788;
1 1 -1  -0.0462376;
-1 -0 -0  -0.637656;
-0 -1 -0  -0.257919;
-1 -1 1  0.0551282;
];
plotregion(-Ab(:,1:3),-Ab(:,4),[],[],'w');
Ab = [
1 0 0  0.677006;
0 1 0  0.31747;
1 1 -1  -0.0488168;
-1 -0 -0  -0.630896;
-0 -1 -0  -0.262221;
-1 -1 1  0.058246;
];
plotregion(-Ab(:,1:3),-Ab(:,4),[],[],'w');
Ab = [
1 0 0  0.670971;
0 1 0  0.32319;
1 1 -1  -0.051439;
-1 -0 -0  -0.624086;
-0 -1 -0  -0.266535;
-1 -1 1  0.0614207;
];
plotregion(-Ab(:,1:3),-Ab(:,4),[],[],'w');
Ab = [
1 0 0  0.66489;
0 1 0  0.328947;
1 1 -1  -0.0541043;
-1 -0 -0  -0.617229;
-0 -1 -0  -0.270858;
-1 -1 1  0.0646526;
];
plotregion(-Ab(:,1:3),-Ab(:,4),[],[],'w');
Ab = [
1 0 0  0.658767;
0 1 0  0.334738;
1 1 -1  -0.0568129;
-1 -0 -0  -0.610325;
-0 -1 -0  -0.275188;
-1 -1 1  0.0679421;
];
plotregion(-Ab(:,1:3),-Ab(:,4),[],[],'w');
Ab = [
1 0 0  0.652603;
0 1 0  0.340562;
1 1 -1  -0.0595648;
-1 -0 -0  -0.603379;
-0 -1 -0  -0.279522;
-1 -1 1  0.0712895;
];
plotregion(-Ab(:,1:3),-Ab(:,4),[],[],'w');
Ab = [
1 0 0  0.646401;
0 1 0  0.346416;
1 1 -1  -0.06236;
-1 -0 -0  -0.596393;
-0 -1 -0  -0.283859;
-1 -1 1  0.0746951;
];
plotregion(-Ab(:,1:3),-Ab(:,4),[],[],'w');
Ab = [
1 0 0  0.640163;
0 1 0  0.352297;
1 1 -1  -0.0651986;
-1 -0 -0  -0.589368;
-0 -1 -0  -0.288195;
-1 -1 1  0.0781593;
];
plotregion(-Ab(:,1:3),-Ab(:,4),[],[],'w');
Ab = [
1 0 0  0.63389;
0 1 0  0.358204;
1 1 -1  -0.0680806;
-1 -0 -0  -0.582309;
-0 -1 -0  -0.29253;
-1 -1 1  0.0816822;
];
plotregion(-Ab(:,1:3),-Ab(:,4),[],[],'w');
Ab = [
1 0 0  0.627585;
0 1 0  0.364133;
1 1 -1  -0.0710059;
-1 -0 -0  -0.575217;
-0 -1 -0  -0.296859;
-1 -1 1  0.0852643;
];
plotregion(-Ab(:,1:3),-Ab(:,4),[],[],'w');
Ab = [
1 0 0  0.621251;
0 1 0  0.370082;
1 1 -1  -0.0739744;
-1 -0 -0  -0.568095;
-0 -1 -0  -0.30118;
-1 -1 1  0.0889056;
];
plotregion(-Ab(:,1:3),-Ab(:,4),[],[],'w');
Ab = [
1 0 0  0.614889;
0 1 0  0.376049;
1 1 -1  -0.0769862;
-1 -0 -0  -0.560947;
-0 -1 -0  -0.305491;
-1 -1 1  0.0926064;
];
plotregion(-Ab(:,1:3),-Ab(:,4),[],[],'w');
Ab = [
1 0 0  0.608503;
0 1 0  0.38203;
1 1 -1  -0.0800412;
-1 -0 -0  -0.553775;
-0 -1 -0  -0.30979;
-1 -1 1  0.0963669;
];
plotregion(-Ab(:,1:3),-Ab(:,4),[],[],'w');
Ab = [
1 0 0  0.602093;
0 1 0  0.388024;
1 1 -1  -0.0831391;
-1 -0 -0  -0.546582;
-0 -1 -0  -0.314074;
-1 -1 1  0.100187;
];
plotregion(-Ab(:,1:3),-Ab(:,4),[],[],'w');
Ab = [
1 0 0  0.595664;
0 1 0  0.394027;
1 1 -1  -0.0862798;
-1 -0 -0  -0.539371;
-0 -1 -0  -0.318341;
-1 -1 1  0.104067;
];
plotregion(-Ab(:,1:3),-Ab(:,4),[],[],'w');
Ab = [
1 0 0  0.589217;
0 1 0  0.400037;
1 1 -1  -0.0894632;
-1 -0 -0  -0.532145;
-0 -1 -0  -0.322587;
-1 -1 1  0.108008;
];
plotregion(-Ab(:,1:3),-Ab(:,4),[],[],'w');
Ab = [
1 0 0  0.582754;
0 1 0  0.406051;
1 1 -1  -0.0926891;
-1 -0 -0  -0.524907;
-0 -1 -0  -0.32681;
-1 -1 1  0.112008;
];
plotregion(-Ab(:,1:3),-Ab(:,4),[],[],'w');
Ab = [
1 0 0  0.576279;
0 1 0  0.412066;
1 1 -1  -0.0959572;
-1 -0 -0  -0.517661;
-0 -1 -0  -0.331009;
-1 -1 1  0.116069;
];
plotregion(-Ab(:,1:3),-Ab(:,4),[],[],'w');
Ab = [
1 0 0  0.569793;
0 1 0  0.418079;
1 1 -1  -0.0992673;
-1 -0 -0  -0.510408;
-0 -1 -0  -0.33518;
-1 -1 1  0.120189;
];
plotregion(-Ab(:,1:3),-Ab(:,4),[],[],'w');
Ab = [
1 0 0  0.5633;
0 1 0  0.424088;
1 1 -1  -0.102619;
-1 -0 -0  -0.503153;
-0 -1 -0  -0.339321;
-1 -1 1  0.12437;
];
plotregion(-Ab(:,1:3),-Ab(:,4),[],[],'w');
Ab = [
1 0 0  0.556801;
0 1 0  0.43009;
1 1 -1  -0.106012;
-1 -0 -0  -0.495898;
-0 -1 -0  -0.343429;
-1 -1 1  0.128611;
];
plotregion(-Ab(:,1:3),-Ab(:,4),[],[],'w');
Ab = [
1 0 0  0.5503;
0 1 0  0.436082;
1 1 -1  -0.109447;
-1 -0 -0  -0.488646;
-0 -1 -0  -0.347502;
-1 -1 1  0.132912;
];
plotregion(-Ab(:,1:3),-Ab(:,4),[],[],'w');
Ab = [
1 0 0  0.543798;
0 1 0  0.442061;
1 1 -1  -0.112922;
-1 -0 -0  -0.481401;
-0 -1 -0  -0.351538;
-1 -1 1  0.137273;
];
plotregion(-Ab(:,1:3),-Ab(:,4),[],[],'w');
Ab = [
1 0 0  0.537298;
0 1 0  0.448024;
1 1 -1  -0.116437;
-1 -0 -0  -0.474166;
-0 -1 -0  -0.355534;
-1 -1 1  0.141693;
];
plotregion(-Ab(:,1:3),-Ab(:,4),[],[],'w');
Ab = [
1 0 0  0.530803;
0 1 0  0.453968;
1 1 -1  -0.119992;
-1 -0 -0  -0.466943;
-0 -1 -0  -0.359488;
-1 -1 1  0.146174;
];
plotregion(-Ab(:,1:3),-Ab(:,4),[],[],'w');
Ab = [
1 0 0  0.524315;
0 1 0  0.459891;
1 1 -1  -0.123587;
-1 -0 -0  -0.459736;
-0 -1 -0  -0.363398;
-1 -1 1  0.150713;
];
