Ab = [
1 0 0  0.8;
0 1 0  0.2;
0 0 1  0.0001;
1 1 0  1;
1 0 1  1;
-1 -0 -0  -0.77;
-0 -1 -0  -0.17;
-0 -0 -1  -9.9e-05;
-1 -1 -0  0;
-1 -0 -1  0;
];
plotregion(-Ab(:,1:3),-Ab(:,4),[],[],'w');
Ab = [
1 0 0  0.795376;
0 1 0  0.20444;
0 0 1  0.0011;
1 1 0  0.999;
1 0 1  0.796326;
-1 -0 -0  -0.764764;
-0 -1 -0  -0.173601;
-0 -0 -1  -0.000949;
-1 -1 -0  -0.93915;
-1 -0 -1  -0.765863;
];
plotregion(-Ab(:,1:3),-Ab(:,4),[],[],'w');
Ab = [
1 0 0  0.790681;
0 1 0  0.208941;
0 0 1  0.0021222;
1 1 0  0.997982;
1 0 1  0.792649;
-1 -0 -0  -0.759448;
-0 -1 -0  -0.177251;
-0 -0 -1  -0.001817;
-1 -1 -0  -0.938278;
-1 -0 -1  -0.761419;
];
plotregion(-Ab(:,1:3),-Ab(:,4),[],[],'w');
Ab = [
1 0 0  0.785916;
0 1 0  0.213501;
0 0 1  0.0031669;
1 1 0  0.996946;
1 0 1  0.788925;
-1 -0 -0  -0.754053;
-0 -1 -0  -0.180951;
-0 -0 -1  -0.00270326;
-1 -1 -0  -0.937383;
-1 -0 -1  -0.756915;
];
plotregion(-Ab(:,1:3),-Ab(:,4),[],[],'w');
Ab = [
1 0 0  0.781081;
0 1 0  0.218121;
0 0 1  0.00423441;
1 1 0  0.995893;
1 0 1  0.785153;
-1 -0 -0  -0.748579;
-0 -1 -0  -0.1847;
-0 -0 -1  -0.00360802;
-1 -1 -0  -0.936465;
-1 -0 -1  -0.75235;
];
plotregion(-Ab(:,1:3),-Ab(:,4),[],[],'w');
Ab = [
1 0 0  0.776176;
0 1 0  0.222798;
0 0 1  0.00532502;
1 1 0  0.994821;
1 0 1  0.781334;
-1 -0 -0  -0.743028;
-0 -1 -0  -0.188498;
-0 -0 -1  -0.00453152;
-1 -1 -0  -0.935523;
-1 -0 -1  -0.747726;
];
plotregion(-Ab(:,1:3),-Ab(:,4),[],[],'w');
Ab = [
1 0 0  0.771202;
0 1 0  0.227533;
0 0 1  0.00643901;
1 1 0  0.993731;
1 0 1  0.777469;
-1 -0 -0  -0.737399;
-0 -1 -0  -0.192343;
-0 -0 -1  -0.00547401;
-1 -1 -0  -0.934558;
-1 -0 -1  -0.743045;
];
plotregion(-Ab(:,1:3),-Ab(:,4),[],[],'w');
Ab = [
1 0 0  0.766158;
0 1 0  0.232322;
0 0 1  0.00757667;
1 1 0  0.992622;
1 0 1  0.773559;
-1 -0 -0  -0.731695;
-0 -1 -0  -0.196235;
-0 -0 -1  -0.00643572;
-1 -1 -0  -0.933568;
-1 -0 -1  -0.738306;
];
plotregion(-Ab(:,1:3),-Ab(:,4),[],[],'w');
Ab = [
1 0 0  0.761046;
0 1 0  0.237166;
0 0 1  0.00873828;
1 1 0  0.991495;
1 0 1  0.769604;
-1 -0 -0  -0.725915;
-0 -1 -0  -0.200173;
-0 -0 -1  -0.0074169;
-1 -1 -0  -0.932554;
-1 -0 -1  -0.733512;
];
plotregion(-Ab(:,1:3),-Ab(:,4),[],[],'w');
Ab = [
1 0 0  0.755867;
0 1 0  0.242063;
0 0 1  0.00992411;
1 1 0  0.990348;
1 0 1  0.765606;
-1 -0 -0  -0.720061;
-0 -1 -0  -0.204157;
-0 -0 -1  -0.00841776;
-1 -1 -0  -0.931515;
-1 -0 -1  -0.728664;
];
plotregion(-Ab(:,1:3),-Ab(:,4),[],[],'w');
Ab = [
1 0 0  0.75062;
0 1 0  0.247011;
0 0 1  0.0111344;
1 1 0  0.989182;
1 0 1  0.761565;
-1 -0 -0  -0.714135;
-0 -1 -0  -0.208185;
-0 -0 -1  -0.00943855;
-1 -1 -0  -0.930451;
-1 -0 -1  -0.723763;
];
plotregion(-Ab(:,1:3),-Ab(:,4),[],[],'w');
Ab = [
1 0 0  0.745307;
0 1 0  0.252009;
0 0 1  0.0123695;
1 1 0  0.987997;
1 0 1  0.757482;
-1 -0 -0  -0.708138;
-0 -1 -0  -0.212257;
-0 -0 -1  -0.0104795;
-1 -1 -0  -0.929362;
-1 -0 -1  -0.718811;
];
plotregion(-Ab(:,1:3),-Ab(:,4),[],[],'w');
Ab = [
1 0 0  0.739928;
0 1 0  0.257055;
0 0 1  0.0136295;
1 1 0  0.986792;
1 0 1  0.753359;
-1 -0 -0  -0.70207;
-0 -1 -0  -0.21637;
-0 -0 -1  -0.0115408;
-1 -1 -0  -0.928247;
-1 -0 -1  -0.71381;
];
plotregion(-Ab(:,1:3),-Ab(:,4),[],[],'w');
Ab = [
1 0 0  0.734485;
0 1 0  0.262148;
0 0 1  0.0149148;
1 1 0  0.985567;
1 0 1  0.749196;
-1 -0 -0  -0.695934;
-0 -1 -0  -0.220526;
-0 -0 -1  -0.0126226;
-1 -1 -0  -0.927107;
-1 -0 -1  -0.70876;
];
plotregion(-Ab(:,1:3),-Ab(:,4),[],[],'w');
Ab = [
1 0 0  0.728978;
0 1 0  0.267285;
0 0 1  0.0162255;
1 1 0  0.984322;
1 0 1  0.744995;
-1 -0 -0  -0.689731;
-0 -1 -0  -0.224721;
-0 -0 -1  -0.0137252;
-1 -1 -0  -0.925941;
-1 -0 -1  -0.703665;
];
plotregion(-Ab(:,1:3),-Ab(:,4),[],[],'w');
Ab = [
1 0 0  0.723408;
0 1 0  0.272465;
0 0 1  0.017562;
1 1 0  0.983057;
1 0 1  0.740757;
-1 -0 -0  -0.683463;
-0 -1 -0  -0.228955;
-0 -0 -1  -0.0148488;
-1 -1 -0  -0.924748;
-1 -0 -1  -0.698525;
];
plotregion(-Ab(:,1:3),-Ab(:,4),[],[],'w');
Ab = [
1 0 0  0.717777;
0 1 0  0.277685;
0 0 1  0.0189243;
1 1 0  0.981771;
1 0 1  0.736483;
-1 -0 -0  -0.677132;
-0 -1 -0  -0.233226;
-0 -0 -1  -0.0159936;
-1 -1 -0  -0.923529;
-1 -0 -1  -0.693343;
];
plotregion(-Ab(:,1:3),-Ab(:,4),[],[],'w');
Ab = [
1 0 0  0.712085;
0 1 0  0.282944;
0 0 1  0.0203127;
1 1 0  0.980465;
1 0 1  0.732175;
-1 -0 -0  -0.670739;
-0 -1 -0  -0.237534;
-0 -0 -1  -0.0171597;
-1 -1 -0  -0.922284;
-1 -0 -1  -0.688121;
];
plotregion(-Ab(:,1:3),-Ab(:,4),[],[],'w');
Ab = [
1 0 0  0.706334;
0 1 0  0.28824;
0 0 1  0.0217274;
1 1 0  0.979137;
1 0 1  0.727834;
-1 -0 -0  -0.664286;
-0 -1 -0  -0.241877;
-0 -0 -1  -0.0183474;
-1 -1 -0  -0.921011;
-1 -0 -1  -0.682861;
];
plotregion(-Ab(:,1:3),-Ab(:,4),[],[],'w');
Ab = [
1 0 0  0.700525;
0 1 0  0.29357;
0 0 1  0.0231686;
1 1 0  0.977789;
1 0 1  0.723462;
-1 -0 -0  -0.657776;
-0 -1 -0  -0.246252;
-0 -0 -1  -0.0195568;
-1 -1 -0  -0.919712;
-1 -0 -1  -0.677565;
];
plotregion(-Ab(:,1:3),-Ab(:,4),[],[],'w');
Ab = [
1 0 0  0.69466;
0 1 0  0.298931;
0 0 1  0.0246365;
1 1 0  0.97642;
1 0 1  0.71906;
-1 -0 -0  -0.651211;
-0 -1 -0  -0.25066;
-0 -0 -1  -0.0207881;
-1 -1 -0  -0.918385;
-1 -0 -1  -0.672235;
];
plotregion(-Ab(:,1:3),-Ab(:,4),[],[],'w');
Ab = [
1 0 0  0.68874;
0 1 0  0.304322;
0 0 1  0.0261311;
1 1 0  0.975029;
1 0 1  0.71463;
-1 -0 -0  -0.644592;
-0 -1 -0  -0.255097;
-0 -0 -1  -0.0220414;
-1 -1 -0  -0.917031;
-1 -0 -1  -0.666875;
];
plotregion(-Ab(:,1:3),-Ab(:,4),[],[],'w');
Ab = [
1 0 0  0.682766;
0 1 0  0.30974;
0 0 1  0.0276528;
1 1 0  0.973617;
1 0 1  0.710173;
-1 -0 -0  -0.637922;
-0 -1 -0  -0.259563;
-0 -0 -1  -0.0233168;
-1 -1 -0  -0.91565;
-1 -0 -1  -0.661485;
];
plotregion(-Ab(:,1:3),-Ab(:,4),[],[],'w');
Ab = [
1 0 0  0.676741;
0 1 0  0.315183;
0 0 1  0.0292015;
1 1 0  0.972183;
1 0 1  0.705691;
-1 -0 -0  -0.631204;
-0 -1 -0  -0.264055;
-0 -0 -1  -0.0246147;
-1 -1 -0  -0.914241;
-1 -0 -1  -0.65607;
];
plotregion(-Ab(:,1:3),-Ab(:,4),[],[],'w');
Ab = [
1 0 0  0.670665;
0 1 0  0.320648;
0 0 1  0.0307774;
1 1 0  0.970727;
1 0 1  0.701187;
-1 -0 -0  -0.62444;
-0 -1 -0  -0.268572;
-0 -0 -1  -0.0259349;
-1 -1 -0  -0.912804;
-1 -0 -1  -0.650631;
];
plotregion(-Ab(:,1:3),-Ab(:,4),[],[],'w');
Ab = [
1 0 0  0.664541;
0 1 0  0.326132;
0 0 1  0.0323806;
1 1 0  0.96925;
1 0 1  0.696661;
-1 -0 -0  -0.617632;
-0 -1 -0  -0.273112;
-0 -0 -1  -0.0272778;
-1 -1 -0  -0.911339;
-1 -0 -1  -0.645171;
];
plotregion(-Ab(:,1:3),-Ab(:,4),[],[],'w');
Ab = [
1 0 0  0.65837;
0 1 0  0.331632;
0 0 1  0.0340113;
1 1 0  0.967751;
1 0 1  0.692116;
-1 -0 -0  -0.610784;
-0 -1 -0  -0.277673;
-0 -0 -1  -0.0286434;
-1 -1 -0  -0.909846;
-1 -0 -1  -0.639692;
];
plotregion(-Ab(:,1:3),-Ab(:,4),[],[],'w');
Ab = [
1 0 0  0.652155;
0 1 0  0.337147;
0 0 1  0.0356694;
1 1 0  0.966229;
1 0 1  0.687554;
-1 -0 -0  -0.603897;
-0 -1 -0  -0.282253;
-0 -0 -1  -0.0300317;
-1 -1 -0  -0.908326;
-1 -0 -1  -0.634198;
];
plotregion(-Ab(:,1:3),-Ab(:,4),[],[],'w');
Ab = [
1 0 0  0.645896;
0 1 0  0.342672;
0 0 1  0.0373552;
1 1 0  0.964686;
1 0 1  0.682977;
-1 -0 -0  -0.596974;
-0 -1 -0  -0.28685;
-0 -0 -1  -0.031443;
-1 -1 -0  -0.906777;
-1 -0 -1  -0.628692;
];
plotregion(-Ab(:,1:3),-Ab(:,4),[],[],'w');
Ab = [
1 0 0  0.639597;
0 1 0  0.348206;
0 0 1  0.0390685;
1 1 0  0.96312;
1 0 1  0.678386;
-1 -0 -0  -0.590019;
-0 -1 -0  -0.291461;
-0 -0 -1  -0.0328772;
-1 -1 -0  -0.905199;
-1 -0 -1  -0.623176;
];
plotregion(-Ab(:,1:3),-Ab(:,4),[],[],'w');
Ab = [
1 0 0  0.633259;
0 1 0  0.353745;
0 0 1  0.0408096;
1 1 0  0.961532;
1 0 1  0.673784;
-1 -0 -0  -0.583034;
-0 -1 -0  -0.296086;
-0 -0 -1  -0.0343345;
-1 -1 -0  -0.903594;
-1 -0 -1  -0.617652;
];
plotregion(-Ab(:,1:3),-Ab(:,4),[],[],'w');
Ab = [
1 0 0  0.626884;
0 1 0  0.359286;
0 0 1  0.0425783;
1 1 0  0.959922;
1 0 1  0.669174;
-1 -0 -0  -0.576022;
-0 -1 -0  -0.300721;
-0 -0 -1  -0.035815;
-1 -1 -0  -0.90196;
-1 -0 -1  -0.612125;
];
plotregion(-Ab(:,1:3),-Ab(:,4),[],[],'w');
Ab = [
1 0 0  0.620474;
0 1 0  0.364827;
0 0 1  0.0443747;
1 1 0  0.958289;
1 0 1  0.664556;
-1 -0 -0  -0.568985;
-0 -1 -0  -0.305365;
-0 -0 -1  -0.0373186;
-1 -1 -0  -0.900298;
-1 -0 -1  -0.606597;
];
